x,y,z,color
2000,4,815.140011429,#46B206
1900,8,108.652485143,#06F701
2000,16,96.4166212857,#00FE00
2200,2,1965.70543086,#A55108
2500,1,4714.28355714,#FC0100
1700,32,478.907715571,#ED0D03
1300,8,311.061125571,#15E405
2900,16,442.927864714,#D2101C
1600,8,187.104387429,#0BF102
2000,2,649.923587571,#00FE00
2700,1,1348.60330414,#3DBB05
1800,4,931.954031286,#1DDE03
2700,1,765.437432571,#05F800
2900,32,604.226778286,#0902F3
2901,4,1482.44947643,#DD0D13
1900,4,2131.55583129,#E51404
1700,16,101.546288714,#05F801
2400,4,131.732897429,#02FC00
2700,1,226.298201,#0BF102
1700,4,1598.344295,#4BAC06
1200,32,974.620562429,#02FB00
2901,2,3457.803575,#C31228
1900,2,2088.77012971,#589E07
2300,16,3127.16439729,#0000FE
2000,2,394.984942143,#03FA00
2000,32,1918.94291471,#0100FC
1900,8,166.916971286,#00FE00
2400,4,354.773483857,#1AE103
1800,32,1674.96594429,#561197
2500,1,8681.52111371,#E20C10
1300,2,354.157602143,#20D509
2700,1,4726.715168,#FE0000
1600,2,1278.37081957,#01FD00
1200,4,308.883946143,#26CC0B
2500,16,6878.55907957,#2814C2
1900,8,1715.998025,#FE0000
2500,32,228.656344857,#F60403
2901,16,488.485377857,#B41435
2300,4,5323.85521586,#6D137E
2000,1,8393.16844629,#F90301
1800,2,225.54194,#13E604
2400,1,1155.32301871,#0BF101
1400,2,1399.19208171,#06F701
1200,1,1300.26918557,#21D309
2300,2,637.317119286,#09F401
2800,2,1119.20886129,#C13607
2500,4,722.936502714,#BA3C07
1800,16,252.615128,#1CDE03
2300,8,200.148239,#14E702
2200,32,637.664146571,#9E154A
1900,2,6527.559774,#FE0000
2901,2,798.540891857,#9E5708
1600,4,4215.49410714,#D72105
1300,4,3161.47893286,#05F800
2000,32,437.727323571,#F60403
1600,1,11849.4826076,#9C5908
2200,32,702.771652286,#8C155D
1600,2,8239.76738471,#D62205
1200,16,3356.602173,#0AF202
2901,8,706.129199,#E60A0D
1300,8,1621.10522557,#00FE00
2900,16,3695.00839943,#1F0FD0
1900,32,670.533313429,#DF0D12
2700,32,213.707856143,#EE0808
2500,1,2565.28880129,#A84D08
1300,1,8011.16956757,#00FE00
1600,4,703.257700286,#00FE00
1900,32,3103.64444271,#0200FB
2200,8,969.097049,#FC0100
2700,2,2094.10685514,#FD0100
1200,1,1165.19047386,#23D10A
1700,32,977.761022857,#EA090A
2900,16,1696.05188229,#0000FE
2800,1,7903.806374,#C91123
2901,4,601.410396714,#E81204
2300,32,331.228379571,#ED0808
2800,8,88.2025381429,#04F900
2700,8,2457.20185771,#2309D2
2000,32,73.6480068571,#16E502
2300,1,1843.462506,#2CCD04
2400,32,553.281905571,#7C146D
1700,32,723.509243143,#FD0000
1800,16,336.476078286,#48AF06
2300,32,1112.90244243,#0D03EE
1600,16,714.880630286,#678F07
1200,1,9442.53067343,#05F801
1700,8,784.832331571,#35C405
2900,4,2032.67442257,#B31436
1800,1,5452.62088357,#698D07
2200,32,1949.39596343,#0100FD
2800,8,2285.81913686,#1E07D8
2400,1,620.424203286,#00FE00
2400,32,898.017571143,#1405E5
2500,4,734.820216571,#BE3807
1700,4,4031.71095014,#F60601
2500,4,315.253998714,#1BE003
1400,16,456.802747143,#00FE00
1900,8,3502.18800214,#BA1330
1200,4,2942.34815943,#09F302
1900,16,373.466398714,#8F6708
2400,2,2496.19964057,#F80501
1600,4,371.260913857,#09F302
2500,4,1044.27447929,#F30802
2900,1,638.837461,#07F601
2800,1,7075.904776,#D90E16
2900,32,1722.92357643,#1D0ED3
1800,4,338.680339143,#02FC00
2700,2,3591.81156114,#E60A0D
2700,4,201.994305286,#06F700
2500,16,1781.04615314,#0A03F1
1900,32,1992.07215914,#0B03EF
2700,2,728.465996714,#49AE06
1900,1,3229.81143714,#2ECB04
1400,16,2054.81077143,#CE2A06
2200,16,874.058655286,#E50B0E
2300,16,1698.30987186,#3E0DB2
2901,2,427.768469,#22D803
1400,16,653.353672714,#0AF201
2000,4,131.190123571,#0AF102
1600,4,301.267752429,#0DEE03
1900,1,975.868066143,#03FB00
1600,1,1171.69884771,#0CEF02
2300,2,516.085714429,#01FC00
1900,1,2294.03906814,#0BF101
1300,32,519.214812857,#0FED01
2200,16,3369.119704,#0000FE
1600,1,325.995286286,#1ED808
2500,8,97.2652614286,#00FD00
1400,2,878.931338429,#0DED03
1300,16,104.593772571,#1CDA07
2800,2,658.754845857,#4BAC06
1600,1,3838.152674,#02FB00
1800,1,2911.60970671,#0DF001
2400,1,353.691654,#08F501
1800,32,2118.47899229,#2008D5
1700,8,100.039391571,#10EB03
1400,32,253.937793571,#07F601
1700,8,2746.19868057,#FE0000
1700,2,695.607632857,#05F801
1800,16,698.666728,#E11804
2500,8,651.208714857,#FD0000
1600,4,147.691202286,#18E006
2900,2,1130.67637914,#D62206
2000,1,1264.541054,#00FE00
1700,2,4491.77846357,#9E5808
2500,32,131.994196,#F20A02
2200,16,629.048014286,#FD0000
1900,8,449.134196286,#2DCC04
2000,4,812.049836143,#44B306
2300,8,3310.72425857,#400EB0
2300,32,218.738902429,#FE0000
2901,4,107.080933857,#00FE00
2901,4,5809.329151,#0000FE
1400,1,6202.75737671,#04FA00
2900,4,671.137505143,#EC0E03
1700,2,2141.00011529,#15E602
1400,8,2416.58615614,#768008
1900,8,314.282355,#0AF301
2700,32,384.720291143,#8C155C
1600,2,1072.28713557,#02FB00
1400,1,4556.21650643,#00FE00
1700,4,2685.24077543,#BD3A07
1700,4,883.948693857,#06F700
2901,4,118.756959571,#00FE00
1900,2,443.133422143,#04F901
1200,2,8619.53573257,#01FD00
1900,1,2569.084335,#13E902
1600,4,1702.09155329,#24D604
2700,4,1454.27451957,#F90302
2901,1,968.165498,#35C405
2901,1,709.117254143,#11EB02
2400,2,6259.69263071,#C1122A
2400,16,197.826730286,#A94D08
2900,1,207.836681143,#08F401
2000,8,115.676773714,#02FB00
2300,4,374.346565571,#11EB02
2200,2,2082.88940757,#B44207
2500,8,892.418262857,#F80303
1300,8,1350.22252429,#00FE00
2700,4,746.150389429,#DD1B05
1900,4,839.754163571,#2BCE04
1700,16,909.761412,#E01905
2400,32,1090.78353029,#0301F9
1200,16,1525.59704543,#1DD808
1700,16,474.983844286,#52A506
2300,4,1424.93070314,#F60601
2900,32,56.607512,#A65008
1700,32,378.169510714,#CA2D06
2500,16,363.385194429,#FE0000
1800,8,124.187930857,#08F501
2200,4,3626.47744629,#DA0E16
2300,32,1867.50462714,#0401F8
2200,4,2232.00212071,#FE0000
1700,2,713.798150429,#04F900
2000,8,325.466420286,#1FDB03
2900,1,4583.17178957,#F90302
2200,2,3885.52014314,#FE0000
2700,32,280.911716571,#CB1122
2800,16,2499.75124229,#0903F1
1400,16,176.192764714,#0AF202
1300,8,497.710546714,#0DEE03
2500,8,175.236650714,#24D603
2400,8,5504.92044071,#0000FE
2800,2,3555.829715,#DA0E16
2400,2,179.788828286,#08F401
2700,32,1098.20204886,#0100FC
2300,4,3550.749223,#C51226
2500,16,1120.220894,#5F128D
1700,32,1557.571561,#A61542
1400,8,853.513863714,#00FE00
1800,16,1830.43102357,#DF0C12
1600,32,1588.87652857,#DB0D15
2300,2,568.385989286,#04FA00
2900,16,61.5131278571,#26D404
2901,32,982.903448143,#0703F4
2400,4,185.075650857,#00FE00
1900,16,85.1897954286,#00FE00
2400,1,3091.34701571,#B64007
2900,8,148.358550714,#45B206
2300,4,680.616530286,#718408
2000,8,971.445025,#ED0E03
1900,4,3334.86168057,#FE0000
2900,1,1366.45698629,#6B8B07
1600,1,1781.97948743,#05F801
1300,2,5457.37957757,#04FA00
2400,32,3462.71922543,#2412C7
2800,8,512.829654857,#FE0000
1900,4,143.174773714,#0CEF02
1400,2,1214.49113886,#07F501
2000,16,452.190120143,#DF1A05
2901,1,642.133342429,#0AF201
2700,4,3329.353225,#751475
2300,32,1487.55935843,#0000FE
2900,8,545.009072,#FD0100
2901,1,7575.16206129,#B21438
2800,16,875.877773286,#551198
1300,4,5281.52814529,#29D104
1700,1,984.641353857,#0AF202
1900,32,1163.657973,#751475
2500,4,2128.73282029,#E70A0D
2000,2,522.641118286,#00FE00
1600,1,3121.46784743,#00FE00
2000,2,2730.23152157,#BE3807
1300,2,1407.84816129,#0FEC03
2300,1,5390.71906171,#F40702
2400,16,3142.96260957,#0200FB
2300,2,1300.36888914,#688E07
2700,1,896.844315714,#0DEF01
2700,4,971.887279143,#F90301
2800,2,1841.73560029,#FC0100
1300,32,2848.04487829,#FE0000
1700,16,108.595073,#04F900
2000,4,1414.59637586,#C23407
1400,4,1080.71128114,#00FD00
1300,2,907.784792429,#15E305
2200,32,331.382377429,#F90302
2400,8,87.6419532857,#00FE00
1700,1,6843.07925143,#678F07
1200,1,2031.42937943,#1CDB07
1600,16,147.605162714,#04F900
1700,16,1246.05156229,#FB0200
2200,8,491.672975857,#975E08
1300,32,350.663474714,#00FE00
1700,16,144.375242429,#00FE00
2500,1,1768.82828986,#54A307
2901,8,2512.046201,#0200FB
2000,4,388.652035571,#02FC00
2200,4,3031.40000614,#EE0808
1400,32,565.767272571,#728408
2800,2,3862.63861114,#CE101F
2800,2,532.783599429,#28D204
1200,32,230.645143,#19DE06
1200,4,227.856414714,#28C90C
2300,2,1944.01171229,#C53207
2200,1,2978.82346657,#6A8C07
1300,32,9864.074065,#3D0DB4
2200,8,292.318624571,#2ECB04
1700,16,687.775096143,#AC4A08
1800,32,994.852546286,#C51227
2500,32,212.386011714,#FA0202
1800,4,5714.34169871,#EE0708
2500,1,1191.23806057,#17E402
2901,2,6147.50253243,#410EAE
2700,1,8351.05109171,#D2101C
1300,16,2015.54132886,#3DBB05
1400,2,3378.94449286,#05F800
1800,4,168.312866429,#0DEE03
1800,2,6796.37254129,#FC0100
1600,32,417.622922429,#9B5B08
1300,1,3617.25951614,#08F401
2300,1,7623.13986714,#FE0000
1200,4,194.664898286,#28C90C
2300,32,251.261796143,#FE0000
2900,16,587.183969,#9E154B
2000,32,1623.23432757,#0E04EC
1400,4,265.285746143,#16E205
2800,2,913.608869571,#936208
2300,16,6747.21538543,#1C0DD4
2400,2,485.705782286,#03FA00
2800,2,2358.00600043,#FC0100
2400,1,902.250376857,#02FC00
2901,32,572.767100714,#0702F5
1700,2,268.272890571,#14E505
2800,4,328.727489857,#4AAE06
1200,4,641.104935714,#20D509
2500,32,1519.17050514,#0602F5
2200,32,931.841367714,#430EAC
2900,32,4076.70200314,#3721A5
2700,2,414.565402,#08F501
1700,8,1803.17853614,#E31604
1200,2,2954.69090243,#10EB03
1300,32,1101.16663871,#8D6908
1200,2,857.940578571,#20D409
2800,32,3605.56629243,#321CAF
1600,1,880.754775286,#11E904
1900,4,153.638554286,#0BF002
2800,4,3384.43628186,#551198
2700,4,309.383033,#2DCD04
2901,8,189.474243429,#8A6C08
1600,16,761.476277,#6B8B07
2901,4,2119.33592514,#9C154C
1600,8,576.096596429,#02FC00
2500,1,5048.90439671,#FE0000
2901,2,166.935166857,#01FD00
2700,1,2645.00741843,#CF2906
2400,32,305.379510571,#E70A0C
2800,4,128.192803143,#00FE00
1200,4,4493.49287686,#02FC00
1200,2,848.992776714,#20D409
1300,32,559.158162429,#10EC02
2000,8,2523.89241671,#D2101C
1700,4,3631.966148,#ED0D03
2900,2,475.977762714,#28D204
1200,32,3326.75451829,#6B8B07
2000,16,596.762182857,#FA0301
1700,16,2086.04913786,#ED0809
1300,4,2713.80033014,#01FD00
2000,8,232.636448143,#06F700
2901,4,3623.51461029,#2309D2
1600,32,172.635810286,#0AF301
2800,8,385.147499571,#ED0E03
2200,16,70.8239981429,#00FE00
2400,8,1573.70359071,#C71225
1300,4,974.610519714,#09F202
1400,8,774.532103571,#00FE00
2700,8,267.296320429,#975F08
1400,4,562.144377571,#0AF202
2800,8,201.809019143,#708608
2000,32,236.016227571,#EB0F03
2900,4,181.565539,#0CF001
1900,8,2650.506632,#E40B0F
2400,4,2956.94588914,#CC1121
2901,32,110.755338571,#FE0000
1600,8,732.941065571,#0BF201
1900,2,676.104545,#00FE00
2901,1,2864.66615014,#F90301
2901,16,97.887107,#8D6808
1600,4,2390.802666,#5D9907
2500,2,1827.591784,#E61304
1600,16,264.744674,#00FE00
2200,16,412.536995429,#EF0B03
1700,2,1273.93066529,#00FE00
2200,4,562.812966714,#2DCC04
2300,32,2923.22119829,#180BDB
2000,16,1737.98952643,#961553
2901,2,5738.68699043,#52109B
2200,1,812.623772429,#00FE00
2700,2,3975.76394657,#DA0E16
1200,2,301.166552429,#29C80D
2200,1,1027.17481643,#00FE00
2300,4,801.880043,#956108
1700,4,4426.65446329,#FA0301
2900,2,882.18721,#A45208
2300,1,1726.76898214,#23D803
2900,2,546.302701857,#3CBC05
2400,16,630.933814857,#E90A0B
2900,32,163.672239714,#F20606
1900,16,71.9786371429,#02FB00
1700,8,192.143189286,#05F801
2200,2,723.942246429,#07F601
2901,8,105.788820714,#1DDE03
2901,1,2174.87436171,#DD1C05
1200,32,454.007913,#0DED03
2500,32,156.185393857,#FD0100
1200,4,1997.13253971,#0EEC03
1300,32,228.133162857,#03FB00
2901,2,2078.23132714,#FB0201
2500,8,306.341333,#916408
2300,32,138.134979,#D32406
2800,16,247.918982714,#FD0100
1900,4,3759.03651586,#FB0201
1900,1,1411.40736071,#00FE00
2800,1,1148.60345014,#35C405
1700,2,551.113935857,#08F401
1800,1,1398.92396343,#01FD00
2000,16,134.942665714,#0CF001
1900,2,672.327196429,#00FE00
1400,32,1065.60033357,#F10A02
1700,8,2810.46774857,#FE0000
1900,8,2014.52769386,#FA0201
1400,16,1974.00141014,#D12706
2400,2,6068.77821986,#C61226
2800,4,1287.56691657,#F90302
2800,32,241.092495429,#D3101B
2300,8,198.262996286,#13E802
2200,8,619.352350714,#C82F06
2200,1,390.230280143,#0BF002
2901,1,1919.09774586,#C63107
2900,2,5809.63174829,#5F128C
1200,2,5748.61714729,#05F801
2400,8,642.75856,#F70601
1600,4,2815.78770643,#837308
2900,16,1787.61977757,#0100FC
2400,4,544.377216714,#5D9A07
1600,1,2266.81720414,#01FD00
2800,2,372.589218429,#09F401
2400,16,212.899373714,#B73F07
2800,32,290.914630714,#B0143A
1400,4,3847.25097757,#639407
2700,8,217.090145571,#669007
1200,1,5223.20193557,#0FEB03
2000,16,3407.56310286,#0C03EE
1700,1,812.452400286,#0DEE03
1700,2,4549.26168971,#9F5608
1600,32,705.172453714,#F60601
2700,16,453.403506286,#EB090A
1700,32,223.826553571,#599E07
2900,4,482.872733286,#B64007
2000,4,2377.33662429,#FD0100
1700,2,2259.360387,#1CDF03
2800,16,584.275177429,#B61434
2700,4,171.397268857,#01FC00
2800,1,4613.13793886,#FD0100
2200,1,1128.91184871,#01FD00
2500,2,3739.77443314,#F10606
2900,8,2551.65742729,#0501F7
2901,16,3221.62382957,#1C0DD4
1300,8,3327.66616186,#35C305
1700,8,549.054512,#0EEE01
1300,32,808.253394,#4AAE06
1900,4,4240.08944914,#F50404
2800,8,885.608784857,#DF0D12
2300,16,160.014737429,#57A007
1600,32,1317.53900343,#EE0808
2000,4,3228.565306,#F90302
1300,4,283.948122429,#1CDA07
1700,16,258.259668143,#08F501
2900,16,251.716332286,#FE0000
2800,1,219.184223286,#09F302
2700,16,362.010132429,#FB0201
1400,32,2385.16181771,#E00C11
1800,1,1567.87228014,#00FE00
2700,16,3053.94106529,#0D05EC
1800,32,3550.35203914,#0000FE
2800,32,10161.4227354,#442E8C
1200,32,1516.37802857,#02FC00
1900,1,6337.460477,#BC3B07
1700,8,121.137194571,#0DEE03
2900,16,566.410172857,#A51543
2700,16,1727.196029,#0200FB
1200,4,821.564958429,#1DD908
1700,4,665.741006571,#00FE00
1900,16,2660.67923486,#5F128D
2700,16,390.490944857,#F70403
2300,2,193.772221714,#09F302
2500,2,600.693098429,#17E402
2300,16,97.4775225714,#10EC02
1900,16,914.249045,#FE0000
1200,32,618.865038857,#08F401
1800,4,454.250617571,#00FE00
2700,32,139.310312429,#FE0000
2901,2,4071.95426314,#A31545
2400,1,810.141943571,#00FE00
2500,32,1875.07529857,#1007E7
1400,1,7338.93908971,#0CF101
2200,2,1116.811191,#2ECB04
2901,1,1367.92420229,#7B7B08
2200,16,292.507763286,#BC3B07
1800,1,1151.88363643,#03FA00
1600,4,386.715445143,#08F401
1600,16,383.870290714,#0DF001
1200,16,849.098192286,#1BDC07
2000,2,4113.716431,#F70501
1400,16,7100.466474,#BD132E
2800,1,1693.01554329,#866F08
2500,16,68.5934972857,#0CF101
2400,2,4335.97625914,#F00707
2800,8,565.505456857,#FE0000
2300,2,205.880555571,#08F401
2000,32,914.883128286,#7D146C
2200,32,1465.87285843,#0401F8
1600,32,293.297952857,#4BAD06
2200,2,647.314829286,#03FA00
1400,32,861.322986571,#CB2C06
2300,16,372.856017429,#F50702
1800,1,3573.66735057,#20DB03
2900,2,2075.42117786,#FD0000
1400,2,7656.28631543,#6A8C07
2500,16,144.315851857,#7E7708
2500,1,2119.746062,#7B7B08
1700,2,1500.46976171,#02FB00
1700,4,350.845007,#05F801
1300,1,1390.83132243,#18E006
1200,8,4432.70207457,#05F801
2900,16,92.3808518571,#708608
2800,16,557.905689286,#BF132C
2000,1,846.943840571,#02FC00
2200,32,75.4523285714,#34C405
2700,2,374.494109143,#04F900
1900,8,710.824142143,#896C08
2700,4,2078.03852357,#D50F19
2700,8,1543.93187814,#8E155B
2901,8,1228.349048,#7F146A
2000,8,675.723846286,#AF4708
1400,1,900.925228,#17E105
2500,4,545.367232714,#7B7B08
2400,4,3764.76434571,#9F1549
2700,1,2138.54537914,#A15408
1800,1,305.66289,#18DF06
2800,8,3232.71845529,#0000FE
2200,8,180.005635286,#05F900
1800,2,620.892603143,#03FB00
1200,8,875.737816286,#20D509
1700,16,365.753103143,#29D004
1600,16,123.906855286,#07F501
1600,16,644.984041857,#49AE06
1200,32,2911.39267086,#48B006
2300,4,337.431699571,#0BF201
1300,1,3320.07504514,#0AF202
2400,4,1057.45941843,#E61304
2200,4,1430.21669871,#E81204
2901,1,183.090827143,#09F302
1200,8,274.981461,#27CB0C
2800,8,637.349592286,#FB0201
1800,4,877.21163,#16E502
1600,16,1317.779003,#E11804
1800,8,754.827916143,#619507
2300,8,598.802028714,#E01905
1400,1,1176.28902671,#13E704
2500,4,212.545556286,#03FB00
1700,4,2297.724623,#9A5B08
1300,16,118.475729143,#1BDC07
2200,8,285.570091429,#29D104
1300,4,4193.63954871,#18E302
1900,32,332.255953429,#F80401
2900,2,1732.90020357,#FE0000
1300,16,3114.70945857,#9D5808
2400,2,861.144590286,#35C305
2400,8,93.2826118571,#00FE00
2700,2,984.233097714,#8B6B08
2000,16,280.636815,#7B7B08
2300,32,944.342271429,#2108D4
2200,16,422.355798143,#F20A02
2400,32,355.650911571,#D40F1A
2700,32,878.572975143,#0000FD
2800,32,1472.97196057,#1107E5
1700,1,2905.54234114,#02FB00
2200,16,1130.98643871,#C1122A
2000,32,439.211378429,#F50504
2300,16,194.837677,#837208
2901,8,245.035164143,#C33307
2800,8,148.922305571,#33C505
2500,16,580.329816429,#E30B0F
1600,32,608.072825857,#E21704
1200,32,401.693818143,#10EA04
1600,16,1930.222718,#FE0000
2400,8,2644.84122643,#52109B
1800,2,2160.25034243,#35C405
2901,4,716.705086143,#F80501
2300,1,1038.46538529,#02FC00
2400,16,1025.30217429,#951553
1800,32,367.066961571,#EF0C03
1600,8,2867.16443229,#F30902
1800,32,468.923557143,#FD0000
2500,8,614.808596571,#FB0200
1300,8,3236.83697186,#23D703
1300,1,14159.0661947,#13E802
1200,8,2718.01731757,#0CEF02
2200,32,70.0799918571,#2ACF04
1600,2,2459.55663943,#0BF201
2700,4,3561.75941414,#661385
2700,8,631.513559857,#FE0000
1600,2,281.334779714,#18E006
1700,1,3729.51485714,#0EEE01
1700,2,855.783481714,#02FC00
1400,16,2917.86249586,#FC0200
1900,32,9105.80975286,#2C18B9
1900,4,286.738919714,#01FD00
2200,4,230.658907857,#00FE00
2200,16,1797.90532429,#5A1193
1800,32,3062.53819643,#0000FE
2500,4,125.207130143,#01FD00
2800,16,520.882719143,#C91123
2901,2,580.514376714,#56A107
1200,4,3437.22073086,#06F701
2400,32,228.88274,#FC0100
2800,4,251.772303,#20DA03
1900,2,1136.19308814,#09F401
1600,4,1794.74151357,#28D104
2901,4,728.880980714,#F90401
